111111111111111000000011
111111111111110011100101
111111111111101110111111
111111111111101010111110
111111111111101000011101
111111111111101000100111
111111111111101100110111
111111111111110110110010
000000000000001000000100
000000000000100010011111
000000000001000111101111
000000000001111001010011
000000000010111000011000
000000000100000101101011
000000000101100001010011
000000000111001010100101
000000001000111111111111
000000001010111110111111
000000001101000100000010
000000001111001010011111
000000010001001100101111
000000010011000100001100
000000010100101001100101
000000010101110101000010
000000010110011110100001
000000010110011110000111
000000010101101100011011
000000010100000011000010
000000010001011100111111
000000001101110111001011
000000001001010000110110
000000000011101011111011
111111111101001101010111
111111110101111101010011
111111101110000111001011
111111100101111001101010
111111011101100110011100
111111010101100001110110
111111001110000010010001
111111000111011111011110
111111000010010001110000
111110111110110000111010
111110111101010011001010
111110111110001100000011
111111000001101011010010
111111000111111011100100
111111010001000001100111
111111011100111011010001
111111101011011110110111
111111111100011010101101
000000001111010100111110
000000100011101011111011
000000111000110110011011
000001001110000100110010
000001100010100010001000
000001110101010101111001
000010000101100101110001
000010010010010111110101
000010011010110100111011
000010011110001011000111
000010011011110000000101
000010010011000011101010
000010000011110001111111
000001101101110101011110
000001010001011000011001
000000101110110110000100
000000000110111011010111
111111011010100110110000
111110101011000111101010
111101111001111101001001
111101001000110011111100
111100011001100011110111
111011101110001100101100
111011001000110010100001
111010101011011001101010
111010011000000010011011
111010010000100100101100
111010010110101011011101
111010101011110000101010
111011010000111001010000
111100000110110001111000
111101001101101011111110
111110100101011011110111
000000001101010111100000
000010000100010110001110
000100001000110001011011
000110011000100110010010
001000110001011000010110
001011010000010101000001
001101110010010111111100
010000010100001111110111
010010110010100100010000
010101001001111011001001
010111010110111111001000
011001010110100101011111
011011000101110011111001
011100100010000101111000
011101101001010001100110
011110011001101011111101
011110110010001011101110
011110110010001011101110
011110011001101011111101
011101101001010001100110
011100100010000101111000
011011000101110011111001
011001010110100101011111
010111010110111111001000
010101001001111011001001
010010110010100100010000
010000010100001111110111
001101110010010111111100
001011010000010101000001
001000110001011000010110
000110011000100110010010
000100001000110001011011
000010000100010110001110
000000001101010111100000
111110100101011011110111
111101001101101011111110
111100000110110001111000
111011010000111001010000
111010101011110000101010
111010010110101011011101
111010010000100100101100
111010011000000010011011
111010101011011001101010
111011001000110010100001
111011101110001100101100
111100011001100011110111
111101001000110011111100
111101111001111101001001
111110101011000111101010
111111011010100110110000
000000000110111011010111
000000101110110110000100
000001010001011000011001
000001101101110101011110
000010000011110001111111
000010010011000011101010
000010011011110000000101
000010011110001011000111
000010011010110100111011
000010010010010111110101
000010000101100101110001
000001110101010101111001
000001100010100010001000
000001001110000100110010
000000111000110110011011
000000100011101011111011
000000001111010100111110
111111111100011010101101
111111101011011110110111
111111011100111011010001
111111010001000001100111
111111000111111011100100
111111000001101011010010
111110111110001100000011
111110111101010011001010
111110111110110000111010
111111000010010001110000
111111000111011111011110
111111001110000010010001
111111010101100001110110
111111011101100110011100
111111100101111001101010
111111101110000111001011
111111110101111101010011
111111111101001101010111
000000000011101011111011
000000001001010000110110
000000001101110111001011
000000010001011100111111
000000010100000011000010
000000010101101100011011
000000010110011110000111
000000010110011110100001
000000010101110101000010
000000010100101001100101
000000010011000100001100
000000010001001100101111
000000001111001010011111
000000001101000100000010
000000001010111110111111
000000001000111111111111
000000000111001010100101
000000000101100001010011
000000000100000101101011
000000000010111000011000
000000000001111001010011
000000000001000111101111
000000000000100010011111
000000000000001000000100
111111111111110110110010
111111111111101100110111
111111111111101000100111
111111111111101000011101
111111111111101010111110
111111111111101110111111
111111111111110011100101
111111111111111000000011