000000000100111001001100
000000000110000011001110
000000000111010000101100
000000001000100000010100
000000001001110000100110
000000001010111111110100
000000001100001100000010
000000001101010011001001
000000001110010010110100
000000001111001000100100
000000001111110001110001
000000010000001011101000
000000010000010011010010
000000010000000101110001
000000001111100000001001
000000001110011111011000
000000001101000000100011
000000001011000000110010
000000001000011101010111
000000000101010011101101
000000000001100001100000
111111111101000100101011
111111110111111011011111
111111110010000100100101
111111101011011110111111
111111100100001010010000
111111011100000110011010
111111010011010100000001
111111001001110100010011
111110111111101001000010
111110110100110100101101
111110101001011010011110
111110011101011110001010
111110010001000100010101
111110000100010010010010
111101110111001110000000
111101101001111110001100
111101011100101010001111
111101001111011010001110
111101000010010110110011
111100110101101001010001
111100101001011011011100
111100011101110111100110
111100010011001000011110
111100001001011001000110
111100000000110100110100
111011111001100111001000
111011110011111011100101
111011101111111101110001
111011101101111001001001
111011101101111000111100
111011110000001000000100
111011110100110001000001
111011111011111101101110
111100000101110111011101
111100010010100110101111
111100100010010011001111
111100110101000011101000
111101001010111101100010
111101100100000101011101
111110000000011110100111
111110100000001010111100
111111000011001010111111
111111101001011101110111
000000010011000001001110
000000111111110001001010
000001101111101000010010
000010100010011111101001
000011011000001110101101
000100010000101011011100
000101001011101010010110
000110001000111110011010
000111001000011001001111
001000001001101011001001
001001001100100011001000
001010010000101111000101
001011010101111011110101
001100011011110101010010
001101100010000110100000
001110101000011001111011
001111101110011001011010
010000110011101110011111
010001111000000010011100
010010111010111110011111
010011111100001011111101
010100111011010100011011
010101111000000001111001
010110110001111111000000
010111101000110111000101
011000011100010110011001
011001001100001010010001
011001111000000001001101
011010011111101011000110
011011000010111001001110
011011100001011110011111
011011111011001111011100
011100010000000010011010
011100011111101111100100
011100101010010001000000
011100101111100010101101
011100101111100010101101
011100101010010001000000
011100011111101111100100
011100010000000010011010
011011111011001111011100
011011100001011110011111
011011000010111001001110
011010011111101011000110
011001111000000001001101
011001001100001010010001
011000011100010110011001
010111101000110111000101
010110110001111111000000
010101111000000001111001
010100111011010100011011
010011111100001011111101
010010111010111110011111
010001111000000010011100
010000110011101110011111
001111101110011001011010
001110101000011001111011
001101100010000110100000
001100011011110101010010
001011010101111011110101
001010010000101111000101
001001001100100011001000
001000001001101011001001
000111001000011001001111
000110001000111110011010
000101001011101010010110
000100010000101011011100
000011011000001110101101
000010100010011111101001
000001101111101000010010
000000111111110001001010
000000010011000001001110
111111101001011101110111
111111000011001010111111
111110100000001010111100
111110000000011110100111
111101100100000101011101
111101001010111101100010
111100110101000011101000
111100100010010011001111
111100010010100110101111
111100000101110111011101
111011111011111101101110
111011110100110001000001
111011110000001000000100
111011101101111000111100
111011101101111001001001
111011101111111101110001
111011110011111011100101
111011111001100111001000
111100000000110100110100
111100001001011001000110
111100010011001000011110
111100011101110111100110
111100101001011011011100
111100110101101001010001
111101000010010110110011
111101001111011010001110
111101011100101010001111
111101101001111110001100
111101110111001110000000
111110000100010010010010
111110010001000100010101
111110011101011110001010
111110101001011010011110
111110110100110100101101
111110111111101001000010
111111001001110100010011
111111010011010100000001
111111011100000110011010
111111100100001010010000
111111101011011110111111
111111110010000100100101
111111110111111011011111
111111111101000100101011
000000000001100001100000
000000000101010011101101
000000001000011101010111
000000001011000000110010
000000001101000000100011
000000001110011111011000
000000001111100000001001
000000010000000101110001
000000010000010011010010
000000010000001011101000
000000001111110001110001
000000001111001000100100
000000001110010010110100
000000001101010011001001
000000001100001100000010
000000001010111111110100
000000001001110000100110
000000001000100000010100
000000000111010000101100
000000000110000011001110
000000000100111001001100