111111111111111111101000
111111111111111101101001
111111111111111001010011
111111111111110001101100
111111111111100110001011
111111111111010110101100
111111111111000100000000
111111111110101111111011
111111111110011101010110
111111111110001111111011
111111111110001011101101
111111111110010100011001
111111111110101100011111
111111111111010100011100
000000000000001010000011
000000000001001000000100
000000000010000110100010
000000000010111011100000
000000000011011100011011
000000000011100000000010
000000000011000000001110
000000000001111011110111
000000000000010111111111
111111111110100000000010
111111111100100101000010
111111111010111011100001
111111111001111000011000
111111111001101101001111
111111111010100100101011
111111111100011111001100
111111111111010001100011
000000000010100100111100
000000000101111001010101
000000001000101001111000
000000001010010010110100
000000001010011000000100
000000001000101011010110
000000000101010000101001
000000000000011111111011
111111111011000011100110
111111110101110011001101
111111110001101011010000
111111101111100010111110
111111110000000001110100
111111110011010110010110
111111111001010000110000
000000000001000001111010
000000001001100000000110
000000010001010001001000
000000010110111000011001
000000011001000111001101
000000010111001100010110
000000010001000000001001
000000000111001010011101
111111111011000000110101
111111101110011100010001
111111100011100111100111
111111011100101000110101
111111011011001000101111
111111011111111101010100
111111101010111010110011
111111111010101110110101
000000001101000111101010
000000011111000111000111
000000101101011111100111
000000110101010110101100
000000110100100111110010
000000101010100001001000
000000010111110101001000
111111111110111100000010
111111100011100011111111
111111001010010000100010
111110110111101101100111
111110101111111100010001
111110110101100001100011
111111001000111111111110
111111101000100011001100
000000010000000011000110
000000111001100000001101
000001011101110111000111
000001110110000100110100
000001111100010010011101
000001101100111101000001
000001000111101101010011
000000001111110101100111
111111001100001110101010
111110000110110000110010
111101001011001100111010
111100100101101100110100
111100100001000111011000
111101000101010111011100
111110010110000100101000
000000010001101011111000
000010110001010001000001
000101101000111101110011
001000101001001100000100
001011100000010010101111
001101111100101000000000
001111101110100111111010
010000101010101101010111
010000101010101101010111
001111101110100111111010
001101111100101000000000
001011100000010010101111
001000101001001100000100
000101101000111101110011
000010110001010001000001
000000010001101011111000
111110010110000100101000
111101000101010111011100
111100100001000111011000
111100100101101100110100
111101001011001100111010
111110000110110000110010
111111001100001110101010
000000001111110101100111
000001000111101101010011
000001101100111101000001
000001111100010010011101
000001110110000100110100
000001011101110111000111
000000111001100000001101
000000010000000011000110
111111101000100011001100
111111001000111111111110
111110110101100001100011
111110101111111100010001
111110110111101101100111
111111001010010000100010
111111100011100011111111
111111111110111100000010
000000010111110101001000
000000101010100001001000
000000110100100111110010
000000110101010110101100
000000101101011111100111
000000011111000111000111
000000001101000111101010
111111111010101110110101
111111101010111010110011
111111011111111101010100
111111011011001000101111
111111011100101000110101
111111100011100111100111
111111101110011100010001
111111111011000000110101
000000000111001010011101
000000010001000000001001
000000010111001100010110
000000011001000111001101
000000010110111000011001
000000010001010001001000
000000001001100000000110
000000000001000001111010
111111111001010000110000
111111110011010110010110
111111110000000001110100
111111101111100010111110
111111110001101011010000
111111110101110011001101
111111111011000011100110
000000000000011111111011
000000000101010000101001
000000001000101011010110
000000001010011000000100
000000001010010010110100
000000001000101001111000
000000000101111001010101
000000000010100100111100
111111111111010001100011
111111111100011111001100
111111111010100100101011
111111111001101101001111
111111111001111000011000
111111111010111011100001
111111111100100101000010
111111111110100000000010
000000000000010111111111
000000000001111011110111
000000000011000000001110
000000000011100000000010
000000000011011100011011
000000000010111011100000
000000000010000110100010
000000000001001000000100
000000000000001010000011
111111111111010100011100
111111111110101100011111
111111111110010100011001
111111111110001011101101
111111111110001111111011
111111111110011101010110
111111111110101111111011
111111111111000100000000
111111111111010110101100
111111111111100110001011
111111111111110001101100
111111111111111001010011
111111111111111101101001
111111111111111111101000